20230425,20230426,20230427,20230428,20230501,20230502,20230503,20230504,20230505,20230508,20230509,20230510,20230511,20230512,20230515,20230516,20230517,20230518,20230519,20230522,
20230523,20230524,20230525,20230526,20230529,20230530,20230531,20230601,20230602,20230605,20230606,20230607,20230608,20230609,20230612,20230613,20230614,20230615,20230616,20230619,
20230620,20230621,20230622,20230623,20230626,20230627,20230628,20230629,20230630,20230703,20230704,20230705,20230706,20230707,20230710,20230711,20230712,20230713,20230714,20230717,
20230718,20230719,20230720,20230721,20230724,20230725,20230726,20230727,20230728,20230731,20230801,20230802,20230803,20230804,20230807,20230808,20230809,20230810,20230811,20230814,
20230815,20230816,20230817,20230818,20230821,20230822,20230823,20230824,20230825,20230828,20230829,20230830,20230831,20230901,20230904,20230905,20230906,20230907,20230908,20230911,
20230912,20230913,20230914,20230915,20230918,20230919,20230920,20230921,20230922,20230925,20230926,20230927,20230928,20230929,20231002,20231003,20231004,20231005,20231006,20231009,
20231010,20231011,20231012,20231013,20231016,20231017,20231018,20231019,20231020,20231023,20231024,20231025,20231026,20231027,20231030,20231031,20231101,20231102,20231103,20231106,
20231107,20231108,20231109,20231110,20231113,20231114,20231115,20231116,20231117,20231120,20231121,20231122,20231123,20231124,20231127,20231128,20231129,20231130,20231201,20231204,
20231205,20231206,20231207,20231208,20231211,20231212,20231213,20231214,20231215,20231218,20231219,20231220,20231221,20231222,20231225,20231226,20231227,20231228,20231229,20240101,
20240102,20240103,20240104,20240105,20240108,20240109,20240110,20240111,20240112,20240115,20240116,20240117,20240118,20240119,20240122,20240123,20240124,20240125,20240126,20240129,
20240130,20240131,20240201,20240202,20240205,20240206,20240207,20240208,20240209,20240212,20240213,20240214,20240215,20240216,20240219,20240220,20240221,20240222,20240223,20240226,
20240227,20240228,20240229,20240301,20240304,20240305,20240306,20240307,20240308,20240311,20240312,20240313,20240314,20240315,20240318,20240319,20240320,20240321,20240322,20240325,
20240326,20240327,20240328,20240329,20240401,20240402,20240403,20240404,20240405,20240408,20240409,20240410,20240411,20240412,20240415,20240416,20240417,20240418,20240419,20240422,
20240423,20240424,20240425,20240426,20240429,20240430,20240501,20240502,20240503,20240506,20240507,20240508,20240509,20240510,20240513,20240514,20240515,20240516,20240517,20240520,
20240521,20240522,20240523,20240524,20240527,20240528,20240529,20240530,20240531,20240603,20240604,20240605,20240606,20240607,20240610,20240611,20240612,20240613,20240614,20240617,
20240618,20240619,20240620,20240621,20240624,20240625,20240626,20240627,20240628,20240701,20240702,20240703,20240704,20240705,20240708,20240709,20240710,20240711,20240712,20240715,
20240716,20240717,20240718,20240719,20240722,20240723,20240724,20240725,20240726,20240729,20240730,20240731,20240801,20240802,20240805,20240806,20240807,20240808,20240809,20240812,
20240813,20240814,20240815,20240816,20240819,20240820,20240821,20240822,20240823,20240826,20240827,20240828,20240829,20240830,20240902,20240903,20240904,20240905,20240906,20240909,
20240910,20240911,20240912,20240913,20240916,20240917,20240918,20240919,20240920,20240923,20240924,20240925,20240926,20240927,20240930,20241001,20241002,20241003,20241004,20241007,
20241008,20241009,20241010,20241011,20241014,20241015,20241016,20241017,20241018,20241021,20241022,20241023,20241024,20241025,20241028,20241029,20241030,20241031,20241101,20241104,
20241105,20241106,20241107,20241108,20241111,20241112,20241113,20241114,20241115,20241118,20241119,20241120,20241121,20241122,20241125,20241126,20241127,20241128,20241129,20241202,
20241203,20241204,20241205,20241206,20241209,20241210,20241211,20241212,20241213,20241216,20241217,20241218,20241219,20241220,20241223,20241224,20241225,20241226,20241227,20241230,
20241231,20250101,20250102,20250103,20250106,20250107,20250108,20250109,20250110,20250113,20250114,20250115,20250116,20250117,20250120,20250121,20250122,20250123,20250124,20250127,
20250128,20250129,20250130,20250131,20250203,20250204,20250205,20250206,20250207,20250210,20250211,20250212,20250213,20250214,20250217,20250218,20250219,20250220,20250221,20250224,
20250225,20250226,20250227,20250228,20250303,20250304,20250305,20250306,20250307,20250310,20250311,20250312,20250313,20250314,20250317,20250318,20250319,20250320,20250321,20250324,
20250325,20250326,20250327,20250328,20250331,20250401,20250402,20250403,20250404,20250407,20250408,20250409,20250410,20250411,20250414,20250415,20250416,20250417,20250418,20250421,
20250422,20250423,20250424,20250425,20250428,20250429,20250430,20250501,20250502,20250505,20250506,20250507,20250508,20250509,20250512,20250513,20250514,20250515,20250516,20250519,
20250520,20250521,20250522,20250523,20250526,20250527,20250528,20250529,20250530,20250602,20250603,20250604,20250605,20250606,20250609,20250610,20250611,20250612,20250613,20250616,
20250617,20250618,20250619,20250620,20250623,20250624,20250625,20250626,20250627,20250630,20250701,20250702,20250703,20250704,20250707,20250708,20250709,20250710,20250711,20250714,
20250715,20250716,20250717,20250718,20250721,20250722,20250723,20250724,20250725,20250728,20250729,20250730,20250731,20250801,20250804,20250805,20250806,20250807,20250808,20250811,
20250812,20250813,20250814,20250815,20250818,20250819,20250820,20250821,20250822,20250825,20250826,20250827,20250828,20250829,20250901,20250902,20250903,20250904,20250905,20250908,
20250909,20250910,20250911,20250912,20250915,20250916,20250917,20250918,20250919,20250922,20250923,20250924,20250925,20250926,20250929,20250930,20251001,20251002,20251003,20251006,
20251007,20251008,20251009,20251010,20251013,20251014,20251015,20251016,20251017,20251020,20251021,20251022,20251023,20251024,20251027,20251028,20251029,20251030,20251031,20251103,
20251104,20251105,20251106,20251107,20251110,20251111,20251112,20251113,20251114,20251117,20251118,20251119,20251120,20251121,20251124,20251125,20251126,20251127,20251128,20251201,
20251202,20251203,20251204,20251205,20251208,20251209,20251210,20251211,20251212,20251215,20251216,20251217,20251218,20251219,20251222,20251223,20251224,20251225,20251226,20251229,
20251230,20251231,20260101,20260102,20260105,20260106,20260107,20260108,20260109,20260112,20260113,20260114,20260115,20260116,20260119,20260120,20260121,20260122,20260123,20260126,
20260127,20260128,20260129,20260130,20260202,20260203,20260204,20260205,20260206,20260209,20260210,20260211,20260212,20260213,20260216,20260217,20260218,20260219,20260220,20260223,
20260224,20260225,20260226,20260227,20260302,20260303,20260304,20260305,20260306,20260309,20260310,20260311,20260312,20260313,20260316,20260317,20260318,20260319,20260320,20260323,
20260324,20260325,20260326,20260327,20260330,20260331,20260401,20260402,20260403,20260406,20260407,20260408,20260409,20260410,20260413,20260414,20260415,20260416,20260417,20260420,
20260421,20260422,20260423,20260424,20260427,20260428,20260429,20260430,20260501,20260504,20260505,20260506,20260507,20260508,20260511,20260512,20260513,20260514,20260515,20260518,
20260519,20260520,20260521,20260522,20260525,20260526,20260527,20260528,20260529,20260601,20260602,20260603,20260604,20260605,20260608,20260609,20260610,20260611,20260612,20260615,
20260616,20260617,20260618,20260619,20260622,20260623,20260624,20260625,20260626,20260629,20260630,20260701,20260702,20260703,20260706,20260707,20260708,20260709,20260710,20260713,
20260714,20260715,20260716,20260717,20260720,20260721,20260722,20260723,20260724,20260727,20260728,20260729,20260730,20260731,20260803,20260804,20260805,20260806,20260807,20260810,
20260811,20260812,20260813,20260814,20260817,20260818,20260819,20260820,20260821,20260824,20260825,20260826,20260827,20260828,20260831,20260901,20260902,20260903,20260904,20260907,
20260908,20260909,20260910,20260911,20260914,20260915,20260916,20260917,20260918,20260921,20260922,20260923,20260924,20260925,20260928,20260929,20260930,20261001,20261002,20261005,
20261006,20261007,20261008,20261009,20261012,20261013,20261014,20261015,20261016,20261019,20261020,20261021,20261022,20261023,20261026,20261027,20261028,20261029,20261030,20261102,
20261103,20261104,20261105,20261106,20261109,20261110,20261111,20261112,20261113,20261116,20261117,20261118,20261119,20261120,20261123,20261124,20261125,20261126,20261127,20261130,
20261201,20261202,20261203,20261204,20261207,20261208,20261209,20261210,20261211,20261214,20261215,20261216,20261217,20261218,20261221,20261222,20261223,20261224,20261225,20261228,
20261229,20261230,20261231,20270101,20270104,20270105,20270106,20270107,20270108,20270111,20270112,20270113,20270114,20270115,20270118,20270119,20270120,20270121,20270122,20270125,
20270126,20270127,20270128,20270129,20270201,20270202,20270203,20270204,20270205,20270208,20270209,20270210,20270211,20270212,20270215,20270216,20270217,20270218,20270219,20270222,
